	Node degree	Node betweenness	Node stress	Node eigenvector centrality scores	Node closeness	Clustering coefficient
OTU_10	22	51.1892223	1454	0.046513614	0.001173709	0.701298701
OTU_11	10	4.690269232	109	0.02284762	0.001058201	0.777777778
OTU_13	77	2312.613171	66843	0.621152918	0.001408451	0.410457963
OTU_17	79	262.0825808	10782	0.821422865	0.001358696	0.58974359
OTU_20	114	4793.148768	114042	0.6594801	0.001584786	0.244527247
OTU_23	119	1823.304589	55799	1	0.00155521	0.360347529
OTU_27	93	540.0927849	24020	0.899606526	0.001430615	0.497896213
OTU_30	9	94.38462834	1250	0.018164142	0.001123596	0.361111111
OTU_32	100	974.2149836	33111	0.935767422	0.001477105	0.456969697
OTU_36	95	551.839625	25644	0.920074728	0.001472754	0.494288914
OTU_38	12	1.895970727	82	0.027348369	0.001113586	0.878787879
OTU_39	39	336.1143273	8858	0.303801545	0.001340483	0.475033738
OTU_40	103	1795.602269	57836	0.777732617	0.001510574	0.364553588
OTU_41	77	3491.883735	52295	0.158241533	0.001392758	0.237867396
OTU_43	102	3304.84087	70232	0.811943425	0.001443001	0.388856533
OTU_46	56	1469.684167	28395	0.129473034	0.001317523	0.337012987
OTU_49	102	764.3685518	34641	0.95033449	0.001503759	0.452339352
OTU_51	55	1535.965658	48398	0.484918547	0.001328021	0.462626263
OTU_53	56	37.96246346	2019	0.670545352	0.00127551	0.800649351
OTU_55	123	4531.524297	87853	0.895020014	0.001589825	0.296681327
OTU_56	61	1986.632452	43559	0.13418933	0.001369863	0.287431694
OTU_57	64	76.6450831	4425	0.741822294	0.001315789	0.754960317
OTU_60	15	0	0	0.214185505	0.001085776	1
OTU_64	13	51.51310744	2013	0.063640943	0.001210654	0.58974359
OTU_65	67	2874.069739	40461	0.166089299	0.001402525	0.26006332
OTU_66	50	853.4895373	26529	0.096527122	0.001315789	0.369795918
OTU_68	36	283.4425376	4829	0.095312248	0.001230012	0.49047619
OTU_70	97	1382.457611	33986	0.893738054	0.001485884	0.452319588
OTU_71	24	8.037094177	248	0.311847904	0.001118568	0.876811594
OTU_74	87	375.7175711	20333	0.881386305	0.001451379	0.544239508
OTU_79	62	2450.06097	40161	0.148921694	0.001375516	0.344262295
OTU_81	76	2606.848193	55248	0.374758396	0.001381215	0.28245614
OTU_85	66	929.2802079	28960	0.51721778	0.001375516	0.432634033
OTU_91	34	339.8462959	14100	0.061334881	0.001203369	0.525846702
OTU_96	72	2088.759189	35388	0.226582366	0.001414427	0.252347418
OTU_97	47	771.2935103	23083	0.070065717	0.001267427	0.379278446
OTU_99	33	810.3721778	17399	0.109834458	0.001312336	0.40530303
OTU_101	33	80.51937355	5157	0.272946351	0.001221001	0.659090909
OTU_102	38	636.1158964	13713	0.113154173	0.001251564	0.507823613
OTU_103	37	361.8464825	12691	0.066213353	0.001253133	0.501501502
OTU_106	11	0.918850192	38	0.032160362	0.001114827	0.927272727
OTU_107	3	1.014010477	73	0.02409066	0.001025641	0.333333333
OTU_109	56	252.0879339	7229	0.177577719	0.001283697	0.528571429
OTU_112	29	30.91038322	635	0.365950414	0.001104972	0.832512315
OTU_114	42	161.9285616	5911	0.431591426	0.001312336	0.598141696
OTU_115	2	0	0	0.006267534	0.00094518	1
OTU_119	18	0.055598456	2	0.245283911	0.001057082	0.986928105
OTU_122	16	52.47113635	3940	0.076016569	0.001137656	0.7
OTU_126	73	509.7134798	13977	0.757585726	0.001358696	0.597031963
OTU_134	72	250.1253951	11271	0.787037293	0.001392758	0.656494523
OTU_136	39	453.9975906	9688	0.152874459	0.001293661	0.421052632
OTU_137	23	259.5851975	5229	0.069599353	0.001196172	0.537549407
OTU_139	37	383.2995801	6492	0.117255522	0.001287001	0.483483483
OTU_140	4	0	0	0.02399019	0.001091703	1
OTU_145	4	0	0	0.021128696	0.001059322	1
OTU_147	52	1423.669213	22695	0.203502652	0.0013947	0.389894419
OTU_148	63	66.06858258	4195	0.746368559	0.001331558	0.76702509
OTU_149	107	1097.00664	35528	0.94875317	0.00147929	0.407511903
OTU_154	61	620.5552039	20579	0.337156304	0.001373626	0.456830601
OTU_159	78	220.1314878	11042	0.815326503	0.001381215	0.601398601
OTU_162	41	122.0846677	3237	0.524516127	0.001236094	0.886585366
OTU_171	56	646.6411095	13353	0.575070268	0.001349528	0.58961039
OTU_172	11	18.99513743	326	0.036371526	0.001111111	0.690909091
OTU_174	44	385.1629421	10953	0.163942747	0.00130719	0.450317125
OTU_176	29	73.81768745	1976	0.085777479	0.001196172	0.615763547
OTU_178	18	0.081318348	4	0.254985013	0.001114827	0.980392157
OTU_179	29	25.718287	1128	0.310976576	0.001239157	0.669950739
OTU_180	19	37.37014082	1728	0.032372694	0.001121076	0.760233918
OTU_192	20	1.312549186	22	0.254738897	0.001055966	0.910526316
OTU_193	61	2478.816724	53801	0.42562777	0.00143472	0.29726776
OTU_196	14	3.574967378	94	0.105930826	0.001169591	0.769230769
OTU_201	68	1197.272284	25339	0.181908319	0.00135318	0.389815628
OTU_203	88	464.7108714	22589	0.882484959	0.001451379	0.536833856
OTU_205	5	0.166666667	1	0.007281869	0.000944287	0.9
OTU_206	66	738.9260158	19211	0.613359622	0.001385042	0.5002331
OTU_210	65	982.1326314	22393	0.188592034	0.001298701	0.414423077
OTU_215	82	1523.502872	46558	0.483772183	0.001416431	0.375790425
OTU_216	31	184.6991979	8857	0.059239714	0.001231527	0.561290323
OTU_219	5	0	0	0.016108593	0.000993049	1
OTU_220	1	0	0	0.008031122	0.000901713	0
OTU_222	44	488.0996031	10140	0.103467237	0.001290323	0.429175476
OTU_224	65	586.2914223	19057	0.305130051	0.001388889	0.444711538
OTU_230	29	57.36769791	3348	0.245994703	0.001265823	0.608374384
OTU_233	73	1052.138713	33525	0.359698501	0.0013947	0.407153729
OTU_235	14	5.207157178	164	0.045343998	0.001117318	0.868131868
OTU_237	1	0	0	0.002750737	0.000935454	0
OTU_243	3	0	0	0.004401332	0.000951475	1
OTU_246	11	7.221465733	117	0.025020599	0.00102145	0.654545455
OTU_248	53	66.08184662	3585	0.62411598	0.001328021	0.746734398
OTU_249	52	14.70298457	865	0.635715961	0.001210654	0.846907994
OTU_254	27	107.3964171	3351	0.140041831	0.001264223	0.566951567
OTU_255	32	208.7603913	6743	0.131631645	0.001293661	0.516129032
OTU_257	21	50.18121534	2133	0.205185289	0.001233046	0.719047619
OTU_263	54	524.3452782	20848	0.46188921	0.001355014	0.501048218
OTU_266	1	0	0	0.001874036	0.000865801	0
OTU_267	28	63.74229257	1818	0.075270064	0.001233046	0.687830688
OTU_268	34	496.0256785	12145	0.106778392	0.001315789	0.424242424
OTU_272	40	379.1497878	11011	0.054085982	0.001218027	0.441025641
OTU_273	45	434.5716131	12064	0.139114052	0.001177856	0.611111111
OTU_280	12	3.439592357	75	0.031483716	0.001037344	0.757575758
OTU_281	33	0.12960961	5	0.451556969	0.001078749	0.990530303
OTU_282	1	0	0	0.010158336	0.000927644	0
OTU_289	44	589.8053139	13417	0.096342309	0.001267427	0.418604651
OTU_290	7	1.897390562	25	0.016249982	0.001030928	0.761904762
OTU_295	7	0.14	3	0.035279305	0.001086957	0.904761905
OTU_299	66	1081.945904	23530	0.311445509	0.0013947	0.387878788
OTU_301	61	175.2672245	7574	0.651194494	0.001362398	0.618032787
OTU_309	17	140.0423585	3100	0.070726898	0.001287001	0.426470588
OTU_310	6	0.826539902	23	0.013925738	0.001076426	0.866666667
OTU_314	1	0	0	0.013447241	0.000953289	0
OTU_315	57	346.8401181	8217	0.186157216	0.001312336	0.505639098
OTU_316	41	79.18731262	3413	0.45032755	0.00130719	0.65
OTU_317	47	271.3750659	6858	0.168346884	0.001298701	0.591119334
OTU_318	2	0	0	0.003172777	0.000912409	1
OTU_319	43	676.2285513	21481	0.070541563	0.001265823	0.425249169
OTU_329	28	114.8534016	2082	0.111945728	0.001206273	0.674603175
OTU_332	58	438.2538526	12019	0.657642856	0.001302083	0.68784029
OTU_334	2	0	0	0.009669924	0.00102459	1
OTU_336	15	8.012025019	298	0.037049768	0.001106195	0.828571429
OTU_338	51	1223.308474	32798	0.35422133	0.001375516	0.381176471
OTU_339	10	0.174242424	2	0.012363438	0.000994036	0.955555556
OTU_344	24	28.48048644	737	0.043164745	0.001141553	0.710144928
OTU_347	57	33.98163327	2481	0.68923897	0.00129199	0.812656642
OTU_349	61	82.54665944	6159	0.702811055	0.001315789	0.738797814
OTU_351	57	1672.117903	39678	0.314910182	0.001410437	0.302005013
OTU_357	56	1158.251692	28862	0.308833884	0.00135318	0.382467532
OTU_359	54	220.1080341	10479	0.517616387	0.001315789	0.564640112
OTU_360	5	0	0	0.03395951	0.001074114	1
OTU_364	14	4.143843637	259	0.078474647	0.001206273	0.879120879
OTU_366	9	3.533261538	86	0.016713982	0.001005025	0.611111111
OTU_367	2	1.042420766	50	0.004610716	0.001004016	0
OTU_378	39	300.2727834	9966	0.06356206	0.001243781	0.484480432
OTU_379	13	19.00860074	417	0.036810044	0.001114827	0.666666667
OTU_381	3	0.648344828	13	0.009728618	0.00097371	0.666666667
OTU_386	7	2.920505603	50	0.026737966	0.001108647	0.666666667
OTU_388	2	0	0	0.020173392	0.001033058	1
OTU_394	25	41.66189039	1482	0.160501397	0.001256281	0.653333333
OTU_404	19	17.47140832	701	0.061320485	0.001158749	0.766081871
OTU_406	2	0.101010101	2	0.010150763	0.000925069	0
OTU_413	53	779.4935064	25558	0.147272249	0.001230012	0.502902758
OTU_414	31	219.9155228	5537	0.070438817	0.001207729	0.574193548
OTU_419	8	3.094428679	81	0.042416379	0.00110742	0.75
OTU_424	14	0.845050783	13	0.01508691	0.000960615	0.89010989
OTU_432	46	305.5765183	8471	0.199256884	0.001270648	0.573913043
OTU_438	85	316.5700109	18801	0.882579783	0.001445087	0.577871148
OTU_447	20	31.76780258	964	0.048081876	0.001172333	0.715789474
OTU_448	10	2.099931233	119	0.020952495	0.001	0.866666667
OTU_449	69	203.4887927	8109	0.753243808	0.001335113	0.666240409
OTU_453	50	200.2102015	6472	0.199733675	0.001287001	0.572244898
OTU_462	18	26.19463046	858	0.052165939	0.001213592	0.718954248
OTU_466	30	291.9483245	7737	0.304068451	0.001233046	0.586206897
OTU_468	46	908.6437614	23997	0.072327427	0.001270648	0.391304348
OTU_474	47	530.9132636	14168	0.114737805	0.001310616	0.400555042
OTU_476	17	22.77504635	722	0.056219345	0.001194743	0.654411765
OTU_481	9	10.21775464	344	0.042813709	0.001118568	0.75
OTU_482	1	0	0	0.006206672	0.000925926	0
OTU_484	3	0.371524692	9	0.010624368	0.001053741	0.666666667
OTU_486	106	1158.870611	41744	0.959120989	0.001515152	0.423360288
OTU_490	12	63.03137231	950	0.031613666	0.001135074	0.46969697
OTU_492	21	4.809543967	288	0.295456921	0.001231527	0.923809524
OTU_495	2	0	0	0.021478362	0.001	1
OTU_498	18	15.66290142	389	0.040432851	0.00110011	0.732026144
OTU_502	17	44.70381804	1142	0.045165615	0.001112347	0.536764706
OTU_503	82	435.2400318	20700	0.838489951	0.001440922	0.56248118
OTU_505	19	2.703752233	176	0.236506614	0.00122399	0.877192982
OTU_506	4	3.210697054	73	0.03509113	0.001119821	0.5
OTU_508	99	649.8198279	28293	0.93644549	0.00148368	0.470006184
OTU_513	6	0.045454545	1	0.013994323	0.000977517	0.933333333
OTU_514	41	167.8586845	6798	0.108953849	0.00120919	0.614634146
OTU_515	3	0	0	0.003374102	0.000884173	1
OTU_522	5	2.771622379	90	0.016375198	0.001074114	0.6
OTU_524	28	38.47661176	1999	0.13006608	0.001222494	0.804232804
OTU_528	23	127.1232214	2273	0.059235842	0.001153403	0.679841897
OTU_543	37	153.177693	4222	0.100547893	0.001196172	0.651651652
OTU_562	57	326.5091986	8992	0.183847609	0.001312336	0.526942356
OTU_563	2	0	0	0.009577041	0.000965251	1
OTU_566	55	1873.150048	34717	0.121133226	0.001345895	0.319191919
OTU_569	4	0	0	0.055239603	0.001031992	1
OTU_570	17	19.28624988	1179	0.028576184	0.001112347	0.823529412
OTU_578	11	8.738602397	409	0.120238865	0.001149425	0.636363636
OTU_579	28	163.8420907	3575	0.078604998	0.001213592	0.579365079
OTU_582	2	0	0	0.003601785	0.000919118	1
OTU_590	54	511.2179251	13494	0.159181351	0.001290323	0.531795947
OTU_611	46	14.48687685	760	0.599456787	0.001246883	0.91884058
OTU_612	75	637.7092138	19043	0.711480687	0.001428571	0.492972973
OTU_614	1	0	0	0.002620764	0.000931099	0
OTU_617	106	1444.377041	39290	0.94790274	0.001517451	0.422461815
OTU_624	4	0	0	0.019237067	0.001011122	1
OTU_627	55	259.9581568	8877	0.17830628	0.001282051	0.539393939
OTU_631	67	140.7681569	5987	0.745890614	0.001342282	0.694708277
OTU_637	18	18.07925586	763	0.095574546	0.001189061	0.725490196
OTU_640	32	106.6008194	3882	0.148975272	0.001272265	0.618951613
OTU_653	11	364.6926294	4997	0.027530326	0.001114827	0.6
OTU_666	3	0	0	0.009979584	0.000948767	1
OTU_674	26	10.54430733	462	0.085231711	0.001126126	0.864615385
OTU_684	6	4.297949676	98	0.049294778	0.001109878	0.6
OTU_686	98	612.6788074	30444	0.935845671	0.001477105	0.476751525
OTU_687	18	32.01853578	1573	0.048241961	0.001173709	0.725490196
OTU_689	1	0	0	0.000536317	0.000755858	0
OTU_692	34	19.43584483	698	0.131899635	0.001164144	0.803921569
OTU_701	5	0	0	0.013602762	0.001027749	1
OTU_702	2	0	0	0.019989457	0.000990099	1
OTU_707	34	231.2755993	7146	0.313223925	0.00130719	0.570409982
OTU_714	1	0	0	0.006206672	0.000925926	0
OTU_715	12	0.087121212	2	0.04426652	0.001017294	0.96969697
OTU_721	3	0	0	0.006611622	0.001008065	1
OTU_737	4	0.639907475	16	0.019014351	0.00106383	0.833333333
OTU_738	8	1.493773708	43	0.023833189	0.00102145	0.75
OTU_742	73	149.8120877	9014	0.793467154	0.001375516	0.645738204
OTU_747	13	15.94920011	675	0.025149778	0.001096491	0.743589744
OTU_756	19	76.27211402	2004	0.105326823	0.001243781	0.573099415
OTU_766	1	0	0	0.003370369	0.000931966	0
OTU_769	3	0	0	0.024782421	0.001101322	1
OTU_771	4	0	0	0.006179365	0.000938967	1
OTU_774	1	0	0	0.005158097	0.000931966	0
OTU_776	20	10.80895909	546	0.225587832	0.001234568	0.742105263
OTU_784	11	6.118384639	245	0.039119775	0.001113586	0.8
OTU_787	2	0	0	0.004948911	0.00094162	1
OTU_788	76	162.0088651	10749	0.82338007	0.001371742	0.643157895
OTU_803	12	4.087908088	103	0.032116336	0.001054852	0.803030303
OTU_808	13	10.8815191	229	0.031004143	0.001123596	0.743589744
OTU_812	38	279.6658478	11381	0.066182756	0.00124533	0.485064011
OTU_815	70	189.3034616	8249	0.780617101	0.001386963	0.672877847
OTU_816	2	0	0	0.008817602	0.000983284	1
OTU_820	45	694.2488958	18063	0.197406447	0.00129199	0.424242424
OTU_824	5	0	0	0.071065752	0.001022495	1
OTU_825	37	1.887783668	217	0.488874034	0.001135074	0.966966967
OTU_832	1	0	0	0.001819056	0.000894454	0
OTU_833	19	38.71193508	973	0.048925863	0.001182033	0.760233918
OTU_835	49	314.1758256	10777	0.145553758	0.00122399	0.583333333
OTU_840	11	10.73445276	332	0.028614272	0.001066098	0.872727273
OTU_841	26	209.8540056	3999	0.067872041	0.001189061	0.713846154
OTU_853	4	0	0	0.005898807	0.000934579	1
OTU_855	21	20.46316452	831	0.252738125	0.00124533	0.728571429
OTU_856	1	0	0	0.009524196	0.000911577	0
OTU_885	26	3.621465666	171	0.102878319	0.001144165	0.932307692
OTU_886	4	0	0	0.004959675	0.000905797	1
OTU_892	86	309.881607	17022	0.879420279	0.001424501	0.556771546
OTU_894	81	430.6191255	14639	0.843309557	0.001414427	0.584567901
OTU_895	4	0	0	0.005424529	0.000935454	1
OTU_899	1	0	0	0.014823138	0.001015228	0
OTU_901	4	0.712634541	14	0.021993631	0.001012146	0.666666667
OTU_925	8	1.146521127	66	0.018949028	0.001015228	0.964285714
OTU_929	10	0	0	0.150450541	0.001039501	1
OTU_932	1	0	0	0.000455952	0.000798085	0
OTU_936	24	48.8461803	1831	0.035488456	0.00116144	0.713768116
OTU_948	2	0	0	0.002328709	0.000881834	1
OTU_973	8	0	0	0.028368638	0.000998004	1
OTU_974	3	0	0	0.006058761	0.000960615	1
OTU_977	2	0	0	0.029332006	0.001040583	1
OTU_981	7	1.732799903	36	0.022799883	0.001075269	0.80952381
OTU_982	1	0	0	0.013447241	0.000953289	0
OTU_987	68	509.9757701	24681	0.591615732	0.001355014	0.498244074
OTU_995	8	4.223567463	128	0.01541684	0.001055966	0.785714286
OTU_1032	5	0	0	0.022174912	0.000985222	1
OTU_1037	18	1.912453995	140	0.070362531	0.001129944	0.954248366
OTU_1052	53	220.2138529	8786	0.155895379	0.001233046	0.547895501
OTU_1057	20	32.96827034	1259	0.062147662	0.001239157	0.731578947
OTU_1059	19	14.78447042	321	0.046929754	0.001117318	0.783625731
OTU_1069	25	23.47510005	559	0.088457042	0.001150748	0.846666667
OTU_1072	47	124.1229256	5332	0.132771939	0.001213592	0.613320999
OTU_1076	3	0	0	0.006470524	0.000962464	1
OTU_1100	2	0	0	0.005649057	0.000918274	1
OTU_1113	10	0	0	0.143562085	0.001037344	1
OTU_1128	26	26.4023571	1061	0.128239408	0.00120919	0.763076923
OTU_1133	3	0	0	0.003079872	0.000882613	1
OTU_1134	3	0	0	0.005648178	0.000940734	1
OTU_1141	5	0	0	0.070695769	0.001015228	1
OTU_1168	30	37.47464531	1784	0.08286688	0.001132503	0.786206897
OTU_1173	4	0.454918153	10	0.035121668	0.001091703	0.833333333
OTU_1180	10	357.113757	9174	0.032382781	0.001034126	0.688888889
OTU_1212	2	0	0	0.00388022	0.000931099	1
OTU_1215	4	6.48134471	131	0.007304225	0.00102145	0.333333333
OTU_1223	28	0.306445424	12	0.38597523	0.001074114	0.981481481
OTU_1226	7	0.323924731	5	0.008259938	0.00095511	0.904761905
OTU_1229	21	1.091903384	48	0.292437923	0.001104972	0.961904762
OTU_1243	19	1.806716307	112	0.076505432	0.001131222	0.953216374
OTU_1261	1	0	0	0.014823138	0.001015228	0
OTU_1275	49	26.46290332	1286	0.612160506	0.001277139	0.87244898
OTU_1276	1	0	0	0.002439093	0.000855432	0
OTU_1277	21	0.473349598	36	0.289021844	0.001156069	0.99047619
OTU_1279	2	0	0	0.006121106	0.000962464	1
OTU_1282	15	20.49395049	420	0.028418248	0.001114827	0.723809524
OTU_1287	38	172.8956861	5483	0.409528988	0.001233046	0.625889047
OTU_1297	1	0	0	0.00704916	0.000949668	0
OTU_1299	49	23.38022598	1702	0.603335357	0.001248439	0.858843537
OTU_1306	4	1.101151229	21	0.014681913	0.001037344	0.666666667
OTU_1309	1	0	0	0.001197872	0.000874891	0
OTU_1328	8	0	0	0.119810043	0.001088139	1
OTU_1370	1	0	0	0.003123423	0.000888099	0
OTU_1372	1	0	0	0.013447241	0.000953289	0
OTU_1385	12	1.603646709	77	0.025061389	0.001091703	0.924242424
OTU_1407	3	0	0	0.006511687	0.000997009	1
OTU_1419	14	3.747257427	452	0.025207225	0.001044932	0.945054945
OTU_1471	23	1.263175754	78	0.109993475	0.001141553	0.956521739
OTU_1474	22	59.87068348	2215	0.146647454	0.00128866	0.567099567
OTU_1499	16	3.138558271	159	0.06324569	0.001153403	0.933333333
OTU_1520	38	2.324883658	137	0.507904681	0.001203369	0.953058321
OTU_1536	8	0	0	0.106754577	0.001086957	1
OTU_1550	10	3.386766061	52	0.028017836	0.001013171	0.822222222
OTU_1557	9	0	0	0.028012737	0.001026694	1
OTU_1573	22	13.46944584	430	0.035248304	0.001135074	0.826839827
OTU_1577	36	4.201610546	273	0.464391766	0.001152074	0.914285714
OTU_1589	4	0	0	0.005914712	0.000938086	1
OTU_1607	7	11.38403463	245	0.025469701	0.001038422	0.666666667
OTU_1611	1	0	0	0.002750737	0.000935454	0
OTU_1628	13	0	0	0.186154027	0.00104712	1
OTU_1632	34	0.914173943	108	0.464491417	0.001131222	0.98573975
OTU_1653	61	90.74718889	4093	0.69806151	0.00130039	0.731693989
OTU_1701	19	0.032312925	2	0.272105611	0.001059322	0.994152047
OTU_1720	60	88.46331433	5491	0.703424545	0.00130719	0.749717514
OTU_1752	1	0	0	0.010891746	0.00088968	0
OTU_1757	28	3.824608458	204	0.37918207	0.001183432	0.941798942
OTU_1792	54	32.16425791	1845	0.657276324	0.001261034	0.821802935
OTU_1806	5	0	0	0.014281198	0.000982318	1
OTU_1829	49	19.67964347	1144	0.614849828	0.001253133	0.878401361
OTU_1874	5	0	0	0.047410071	0.001128668	1
OTU_1931	3	0	0	0.029497923	0.001090513	1
OTU_1934	1	0	0	0.005866541	0.000923361	0
OTU_1951	13	0.334576026	7	0.014011335	0.000954198	0.948717949
OTU_1962	71	123.7306775	7039	0.769426049	0.001338688	0.64668008
OTU_2016	3	0	0	0.01189234	0.00106383	1
OTU_2067	52	76.51201595	3638	0.618066053	0.001315789	0.795625943
OTU_2093	5	0	0	0.024298002	0.001036269	1
OTU_2117	1	0	0	0.002303978	0.000829876	0
OTU_2129	2	0	0	0.021233908	0.000917431	1
OTU_2164	70	130.8488274	6939	0.789106231	0.001349528	0.693581781
OTU_2170	27	3.8572879	191	0.109094399	0.001145475	0.905982906
OTU_2204	22	3.596437864	264	0.294763928	0.001150748	0.922077922
OTU_2279	2	0	0	0.004250457	0.000896861	1
OTU_2370	5	0	0	0.006700504	0.000938967	1
OTU_2413	2	0	0	0.004849724	0.000861326	1
OTU_2462	6	0	0	0.018720219	0.000968054	1
OTU_2531	7	0.1	1	0.013210259	0.000953289	0.952380952
OTU_2549	6	0	0	0.08444451	0.001028807	1
OTU_2619	2	0	0	0.008148634	0.000960615	1
OTU_2828	26	23.92684748	661	0.089057246	0.00117096	0.889230769
OTU_2832	3	0	0	0.006352522	0.000962464	1
OTU_2842	22	0	0	0.31279655	0.00106383	1
OTU_2853	53	25.89139639	814	0.634700298	0.001166861	0.827285922
OTU_3041	6	0	0	0.091871209	0.001082251	1
OTU_3125	13	0	0	0.042445028	0.001010101	1
OTU_3219	8	0	0	0.021851075	0.000968992	1
OTU_3232	14	7.09320326	398	0.174365762	0.001182033	0.846153846
OTU_3239	22	8.875963962	348	0.081270891	0.001091703	0.922077922
OTU_3334	3	0	0	0.042975947	0.001	1
OTU_3400	32	1.025793791	31	0.423278478	0.001075269	0.953629032
OTU_3698	28	0.667661544	64	0.380490628	0.001119821	0.984126984
OTU_3766	17	0	0	0.248818143	0.001049318	1
OTU_3862	7	0	0	0.022624951	0.000969932	1
OTU_3878	1	0	0	0.014823138	0.001015228	0
OTU_4109	2	0	0	0.029108775	0.001003009	1
OTU_4384	18	4.143391922	214	0.064354214	0.001150748	0.928104575
OTU_4621	4	0	0	0.059333991	0.001015228	1
OTU_5172	1	0	0	0.008012136	0.00094162	0
OTU_5193	9	0	0	0.129360096	0.001088139	1
OTU_6134	19	0	0	0.270422638	0.001059322	1
OTU_6921	10	0	0	0.149654818	0.001028807	1