	Node degree	Node betweenness	Node stress	Node eigenvector centrality scores	Node closeness	Clustering coefficient
OTU_2	35	1460.378486	18397	0.210600626	0.002008032	0.342857143
OTU_3	14	442.1065795	5304	0.033324049	0.001633987	0.263736264
OTU_4	64	1472.901634	19457	0.362670518	0.002159827	0.305555556
OTU_5	45	1018.751115	21835	0.402306527	0.00204918	0.34040404
OTU_6	44	1145.695177	21056	0.351544325	0.002070393	0.317124736
OTU_7	104	2096.882974	35788	0.983314387	0.002364066	0.275018671
OTU_9	13	246.1914998	1941	0.083793883	0.001890359	0.538461538
OTU_10	40	781.4193004	10914	0.205236146	0.001980198	0.315384615
OTU_11	112	3300.699924	45736	1	0.00243309	0.242921493
OTU_13	73	3093.648571	41089	0.636635259	0.002212389	0.271689498
OTU_14	7	8.249252645	175	0.032463265	0.001594896	0.761904762
OTU_16	42	336.6927365	9357	0.27407087	0.001949318	0.430894309
OTU_17	29	1116.740733	20586	0.181028024	0.001883239	0.275862069
OTU_18	38	986.8445267	18619	0.324962808	0.002028398	0.342816501
OTU_19	44	1378.503423	20397	0.183036469	0.002012072	0.265327696
OTU_21	25	129.1045199	4462	0.190793966	0.001876173	0.62
OTU_22	19	130.4398475	3416	0.118986002	0.001923077	0.567251462
OTU_23	22	24.68943075	877	0.251968706	0.001915709	0.70995671
OTU_24	14	24.99801471	451	0.060167397	0.001567398	0.703296703
OTU_25	42	235.0573746	6725	0.468916067	0.002012072	0.538908246
OTU_27	34	742.3171742	12487	0.200400896	0.001992032	0.317290553
OTU_28	37	392.9997109	7867	0.237874741	0.001919386	0.509009009
OTU_29	1	0	0	0.000762424	0.001169591	0
OTU_30	60	1015.958236	11832	0.369658753	0.002083333	0.30960452
OTU_32	10	0	0	0.199843901	0.00177305	1
OTU_33	54	367.3557619	10670	0.341512846	0.002	0.394129979
OTU_35	1	0	0	0.004818354	0.001349528	0
OTU_36	71	1230.384727	20887	0.598928143	0.002178649	0.308651911
OTU_38	52	393.7591418	7510	0.711772906	0.002079002	0.552790347
OTU_40	69	815.4201643	19735	0.552709287	0.002227171	0.331202046
OTU_42	38	113.5352839	2777	0.282946382	0.001893939	0.567567568
OTU_45	76	871.0909382	16901	0.851396003	0.002222222	0.374385965
OTU_47	13	34.30621092	963	0.072146779	0.001776199	0.666666667
OTU_49	22	72.79133489	1729	0.311621553	0.001912046	0.683982684
OTU_50	15	0	0	0.286406078	0.001689189	1
OTU_52	15	42.79266699	555	0.063607343	0.001650165	0.533333333
OTU_53	14	18.32199144	344	0.064583725	0.001706485	0.747252747
OTU_54	10	142.0658288	1757	0.113300023	0.001597444	0.777777778
OTU_58	14	5.633966955	399	0.237017332	0.001845018	0.857142857
OTU_59	11	252.6420691	2962	0.052627938	0.001631321	0.490909091
OTU_60	16	336.4294167	3439	0.034628716	0.001644737	0.375
OTU_63	8	10.36369771	109	0.033132939	0.001512859	0.75
OTU_64	3	4.252185959	58	0.027860446	0.001560062	0.333333333
OTU_67	1	0	0	0.000471845	0.001138952	0
OTU_69	20	325.029663	7048	0.094718412	0.001811594	0.373684211
OTU_76	1	0	0	0.020763114	0.00148368	0
OTU_80	10	62.68177117	734	0.045925804	0.001631321	0.4
OTU_82	11	9.239908824	237	0.044739693	0.001582278	0.8
OTU_84	6	0.856397992	13	0.039711472	0.001582278	0.866666667
OTU_86	20	73.03975345	1876	0.108563587	0.001779359	0.547368421
OTU_87	33	18.70316503	442	0.547735357	0.001923077	0.816287879
OTU_92	99	2424.477027	36824	0.980219844	0.002469136	0.271078128
OTU_93	42	262.6032262	6679	0.556976393	0.001988072	0.515679443
OTU_94	76	1029.996232	24201	0.675867123	0.002262443	0.319649123
OTU_99	1	0	0	0.008457462	0.001383126	0
OTU_100	19	187.2691927	3485	0.139248766	0.001919386	0.584795322
OTU_101	2	0	0	0.001085483	0.001176471	1
OTU_104	97	2155.854025	35492	0.973049229	0.00245098	0.278350515
OTU_108	47	187.7738554	3582	0.328074777	0.001968504	0.472710453
OTU_111	7	0.160819849	3	0.039861793	0.00152207	0.952380952
OTU_113	33	14.24710702	520	0.55256313	0.001930502	0.884469697
OTU_116	37	56.57241659	1238	0.292312618	0.001897533	0.608108108
OTU_118	1	0	0	0.022426555	0.00154321	0
OTU_124	7	7.481271227	111	0.026124097	0.001506024	0.714285714
OTU_125	86	1047.166351	24682	0.948649674	0.002375297	0.341997264
OTU_126	5	244.7361695	1590	0.020623397	0.001574803	0.4
OTU_127	18	104.1282382	1065	0.188484138	0.001814882	0.62745098
OTU_128	14	0.266033402	9	0.130184282	0.00174216	0.967032967
OTU_129	23	450.9463114	6745	0.076010458	0.001730104	0.446640316
OTU_130	63	1065.870045	15217	0.793017707	0.002188184	0.46953405
OTU_131	29	31.27225451	793	0.244409015	0.001811594	0.694581281
OTU_133	13	1.363829031	72	0.238802067	0.001766784	0.948717949
OTU_135	8	0	0	0.103866565	0.001658375	1
OTU_144	52	107.0817046	4018	0.741110179	0.00210084	0.647058824
OTU_145	36	15.97055479	719	0.585261807	0.001953125	0.850793651
OTU_146	1	0	0	0.00120408	0.001168224	0
OTU_148	23	0.06797235	2	0.422941489	0.001824818	0.992094862
OTU_152	9	7.717239622	127	0.090651827	0.001733102	0.777777778
OTU_153	2	0	0	0.007770881	0.001344086	1
OTU_162	25	5.299706624	383	0.455860444	0.001901141	0.976666667
OTU_163	5	11.91309143	151	0.024805981	0.001615509	0.6
OTU_166	10	47.93451272	778	0.012815591	0.001408451	0.577777778
OTU_167	35	19.32311744	838	0.579079181	0.001956947	0.872268908
OTU_168	10	7.651242847	175	0.039874825	0.001545595	0.755555556
OTU_170	5	3.037982713	28	0.015721946	0.001428571	0.6
OTU_175	58	154.4486731	5109	0.797519011	0.002155172	0.578342408
OTU_177	8	154.7333455	1850	0.050390944	0.001718213	0.428571429
OTU_178	64	590.4400909	10730	0.836791975	0.002192982	0.501984127
OTU_184	44	169.5193415	5423	0.411114601	0.002016129	0.50845666
OTU_190	24	305.4119184	4941	0.166492183	0.001941748	0.481884058
OTU_192	2	0	0	0.030375372	0.001402525	1
OTU_196	8	0	0	0.162332862	0.001577287	1
OTU_197	2	5.153897329	39	0.003354628	0.001295337	0
OTU_199	17	0	0	0.318602667	0.001605136	1
OTU_200	3	0	0	0.057400402	0.00155521	1
OTU_213	2	0	0	0.01915064	0.001470588	1
OTU_214	44	212.6134772	6635	0.287572075	0.001953125	0.469344609
OTU_223	4	0	0	0.087156424	0.001569859	1
OTU_225	6	1.105267774	30	0.046667495	0.0016	0.866666667
OTU_228	4	0	0	0.087087148	0.001567398	1
OTU_229	12	0.058823529	1	0.148163224	0.001628664	0.984848485
OTU_232	14	42.08425403	1184	0.110094208	0.001893939	0.714285714
OTU_238	18	3.858491642	114	0.188321999	0.001814882	0.901960784
OTU_240	17	1.641471961	41	0.175099174	0.001692047	0.889705882
OTU_247	4	0.522205009	22	0.031043734	0.001607717	0.833333333
OTU_260	1	0	0	0.005442362	0.001308901	0
OTU_264	3	0	0	0.009851814	0.001385042	1
OTU_269	21	3.7649248	95	0.205143814	0.001776199	0.842857143
OTU_271	8	0	0	0.1026769	0.001579779	1
OTU_281	30	139.5886265	3826	0.392067459	0.001960784	0.604597701
OTU_283	46	391.3820588	7981	0.615873829	0.002061856	0.529468599
OTU_287	77	795.3346749	16955	0.907514147	0.002320186	0.401913876
OTU_288	5	21.67425829	239	0.018056222	0.001506024	0.6
OTU_291	1	0	0	0.004818354	0.001349528	0
OTU_293	2	0	0	0.022673095	0.001428571	1
OTU_298	38	21.79779848	1139	0.617979294	0.001972387	0.847795164
OTU_311	32	2.534291509	68	0.547679678	0.001872659	0.915322581
OTU_312	7	0	0	0.13757174	0.001652893	1
OTU_325	21	4.850544477	130	0.206843272	0.001766784	0.842857143
OTU_330	18	0.248507579	14	0.3289827	0.001782531	0.980392157
OTU_332	60	157.3942372	5151	0.791001823	0.002123142	0.545762712
OTU_334	78	602.4597014	16496	0.904486227	0.002298851	0.39027639
OTU_338	1	0	0	0.015739434	0.00135318	0
OTU_348	3	0	0	0.051850024	0.001564945	1
OTU_350	60	242.6966395	6760	0.816863965	0.002197802	0.550847458
OTU_358	17	55.9838587	865	0.071902376	0.001769912	0.617647059
OTU_359	27	28.49361617	1185	0.279837179	0.001923077	0.743589744
OTU_363	14	0	0	0.269221406	0.001597444	1
OTU_383	6	2.874129435	49	0.050448325	0.001626016	0.733333333
OTU_384	2	0	0	0.045376463	0.00154321	1
OTU_388	13	0.091097308	3	0.251376698	0.00177305	0.987179487
OTU_390	1	0	0	0.004187711	0.001351351	0
OTU_391	2	0	0	0.03562223	0.001531394	1
OTU_395	48	315.2179179	4734	0.687939163	0.002016129	0.648049645
OTU_397	32	133.982906	4839	0.23336865	0.001890359	0.548387097
OTU_399	22	2.006321131	73	0.394413142	0.001865672	0.935064935
OTU_427	2	0	0	0.002709403	0.001333333	1
OTU_437	5	0	0	0.030179588	0.001438849	1
OTU_444	20	12.92556235	287	0.323572868	0.001779359	0.821052632
OTU_451	28	15.42812344	466	0.464112143	0.001915709	0.796296296
OTU_464	24	8.24095628	311	0.396893045	0.001848429	0.836956522
OTU_479	34	19.12562733	707	0.543912232	0.001937984	0.828877005
OTU_488	46	43.3616838	1858	0.697287263	0.002004008	0.737198068
OTU_499	14	0.273064776	10	0.144840263	0.001748252	0.978021978
OTU_517	13	0.117647059	2	0.232916028	0.001680672	0.974358974
OTU_521	3	0	0	0.055414958	0.001615509	1
OTU_529	5	0	0	0.105241697	0.001564945	1
OTU_536	6	0	0	0.025326926	0.001508296	1
OTU_539	16	2.442666661	57	0.164191809	0.001724138	0.841666667
OTU_553	75	515.8726189	14398	0.882006052	0.002267574	0.408648649
OTU_555	2	0	0	0.036828144	0.001620746	1
OTU_556	38	18.78152869	871	0.629807783	0.002008032	0.862019915
OTU_565	20	9.214460494	274	0.19629708	0.001769912	0.847368421
OTU_574	18	11.05487642	668	0.300220014	0.001848429	0.823529412
OTU_593	3	3.341250698	41	0.023462989	0.001569859	0.333333333
OTU_595	23	3.971843502	329	0.424258643	0.001893939	0.988142292
OTU_608	2	0	0	0.015357921	0.001457726	1
OTU_609	29	6.126861718	418	0.514319249	0.001926782	0.965517241
OTU_634	2	0	0	0.045376463	0.00154321	1
OTU_650	69	510.0668586	13693	0.86014262	0.002277904	0.459931799
OTU_651	10	0	0	0.200885688	0.001592357	1
OTU_663	11	0	0	0.206129806	0.001672241	1
OTU_698	25	5.630574963	247	0.439913098	0.001897533	0.943333333
OTU_712	57	143.6467266	4674	0.755689061	0.002105263	0.562656642
OTU_719	12	0.143728887	3	0.222789394	0.001592357	0.954545455
OTU_744	1	0	0	0.019145053	0.001430615	0
OTU_749	2	0	0	0.03562223	0.001531394	1
OTU_775	1	0	0	0.014565646	0.001438849	0
OTU_783	8	1.926316197	43	0.044838899	0.001605136	0.857142857
OTU_795	33	11.47589021	645	0.565449888	0.001953125	0.897727273
OTU_800	34	9.616224817	547	0.580894061	0.001953125	0.932263815
OTU_806	7	0	0	0.143268991	0.001579779	1
OTU_826	14	0.578810258	27	0.137259999	0.001730104	0.967032967
OTU_875	6	0	0	0.030167243	0.001420455	1
OTU_888	2	0	0	0.041941793	0.001538462	1
OTU_898	46	55.17251231	2300	0.695374189	0.002061856	0.73236715
OTU_919	1	0	0	0.022262498	0.001536098	0
OTU_931	4	0	0	0.087087148	0.001567398	1
OTU_954	22	3.276833632	93	0.2103555	0.00177305	0.87012987
OTU_1009	54	88.79921716	3399	0.765694649	0.002040816	0.631726066
OTU_1056	2	0	0	0.022863224	0.001633987	1
OTU_1060	22	0.04	1	0.406095654	0.001805054	0.995670996
OTU_1075	1	0	0	0.004818354	0.001349528	0
OTU_1108	59	194.3085892	6562	0.790897784	0.002169197	0.565166569
OTU_1113	17	0	0	0.316966161	0.001692047	1
OTU_1129	2	5.012234684	77	0.014978757	0.001443001	0
OTU_1146	11	0	0	0.13042942	0.001666667	1
OTU_1245	37	32.78273294	1457	0.600822716	0.002024291	0.839339339
OTU_1272	33	31.43346753	691	0.270858923	0.001869159	0.683712121
OTU_1284	9	0	0	0.18093509	0.001582278	1
OTU_1316	21	286.9306824	6592	0.077703677	0.001808318	0.371428571
OTU_1321	27	20.58614513	912	0.270443339	0.001908397	0.780626781
OTU_1327	1	0	0	0.018143537	0.001428571	0
OTU_1401	4	0	0	0.073485194	0.001569859	1
OTU_1556	9	0	0	0.180372619	0.001582278	1
OTU_1575	5	0.276129032	3	0.007174246	0.00136612	0.9
OTU_1617	4	0	0	0.027404587	0.001410437	1
OTU_1618	12	0	0	0.23566536	0.001589825	1
OTU_1654	14	65.71110206	1428	0.045381593	0.001639344	0.505494505
OTU_1785	2	0	0	0.044689053	0.001557632	1
OTU_1786	29	10.80972076	544	0.50798952	0.001934236	0.913793103
OTU_1920	7	0	0	0.066587877	0.001577287	1
OTU_1942	13	0	0	0.253470284	0.001766784	1
OTU_2135	2	0	0	0.038342344	0.001550388	1
OTU_2411	1	0	0	0.022426555	0.00154321	0
OTU_2606	2	0	0	0.044689053	0.001557632	1
OTU_2748	2	0	0	0.044689053	0.001557632	1
OTU_2786	10	0	0	0.193666443	0.001592357	1
OTU_2887	14	5.196247777	254	0.185309874	0.001841621	0.912087912
OTU_2961	1	0	0	0.014565646	0.001438849	0
OTU_3482	2	0	0	0.045376463	0.00154321	1
OTU_3763	9	0.886551033	117	0.054399551	0.001510574	0.944444444
OTU_3860	6	0	0	0.054111396	0.001503759	1
OTU_4059	11	47.11502464	733	0.034708673	0.001650165	0.672727273
OTU_4497	1	0	0	0.007434859	0.001358696	0
OTU_4850	15	0.300766987	15	0.171920752	0.001748252	0.961904762
OTU_4949	11	0	0	0.132147605	0.001730104	1
OTU_5092	6	0	0	0.089756166	0.001650165	1
OTU_5152	6	7.544033518	231	0.024041006	0.001564945	0.6
OTU_5314	1	0	0	0.022879107	0.001529052	0
OTU_5517	1	0	0	0.022879107	0.001529052	0
OTU_6514	4	0	0	0.023778921	0.001402525	1
OTU_7207	7	7.9192344	182	0.035234167	0.001602564	0.714285714
OTU_7300	4	0	0	0.009124913	0.001297017	1
OTU_7307	10	0	0	0.119553021	0.00166113	1
OTU_7323	1	0	0	0.018143537	0.001428571	0
OTU_7384	2	0	0	0.005548244	0.001349528	1
OTU_7409	3	0	0	0.058021958	0.001567398	1
OTU_7508	2	0	0	0.030375372	0.001402525	1
OTU_9096	1	0	0	0.00804302	0.00137741	0
OTU_9436	1	0	0	0.001739051	0.001218027	0
OTU_9600	19	1.808844172	60	0.200361838	0.001769912	0.906432749
OTU_10063	2	0	0	0.038342344	0.001550388	1
OTU_10121	11	0.330566907	14	0.125907627	0.001675042	0.963636364
OTU_10252	2	0	0	0.006434671	0.001345895	1
OTU_10539	1	0	0	0.00414176	0.00129199	0
OTU_12848	5	0	0	0.009785976	0.001302083	1
OTU_12865	9	33.30693944	563	0.028893716	0.001584786	0.666666667
OTU_13477	6	1.161971823	22	0.013973687	0.00147929	0.933333333
OTU_17429	3	0	0	0.008086623	0.001295337	1
OTU_17995	1	0	0	0.009204414	0.001367989	0
OTU_20466	9	0	0	0.061320552	0.001594896	1
OTU_25720	17	15.81136491	416	0.153406827	0.001805054	0.838235294
OTU_25744	4	0	0	0.065528016	0.001569859	1
OTU_25802	6	0	0	0.035810222	0.001381215	1