	Node degree	Node betweenness	Node stress	Node eigenvector centrality scores	Node closeness	Clustering coefficient
OTU_990	12	0	0	0.0773137094539519	0.000960614793467819	1
OTU_99	82	79.2670191045131	5594	0.700084377483457	0.00112739571589628	0.756699789220114
OTU_989	46	0.511543618792177	32	0.0621701570551559	0.000936329588014981	0.981642512077295
OTU_984	2	0	0	0.0228663152679685	0.000871839581517001	1
OTU_973	14	0	0	0.0233391057898025	0.000876424189307625	1
OTU_97	137	1442.74736709552	59474	0.927274450623836	0.00131233595800525	0.439351653069987
OTU_969	1	0	0	0.00230970476523842	0.000807754442649435	0
OTU_96	106	1112.65832943409	68067	0.529891024273607	0.0012970168612192	0.383468104222821
OTU_953	3	0	0	0.00684027397372424	0.000848896434634975	1
OTU_951	13	0	0	0.0864645164847901	0.000957854406130268	1
OTU_932	1	0	0	0.00552048042682854	0.0008058017727639	0
OTU_925	2	0	0	0.00284280354278148	0.000814995925020375	1
OTU_92	104	198.024667280496	17258	0.839629009145347	0.00120048019207683	0.645257654966393
OTU_914	1	0	0	0.004712487304391	0.000797448165869218	0
OTU_91	53	1.89380665882055	209	0.50427478471414	0.000997008973080758	0.958635703918723
OTU_906	2	0	0	0.016478063445313	0.000920810313075506	1
OTU_90	91	1587.58839479671	47132	0.145786391220248	0.00123915737298637	0.517948717948718
OTU_89	135	866.656207522155	51426	0.92191461781251	0.00130208333333333	0.455610834715312
OTU_885	1	0	0	0.0016287531150719	0.000791139240506329	0
OTU_883	20	0	0	0.116256654637508	0.0009765625	1
OTU_88	149	1142.85716119293	68105	0.975823752992311	0.00127877237851662	0.401505532378016
OTU_87	93	1108.22062958334	54936	0.234142897050775	0.00121951219512195	0.494389901823282
OTU_869	3	0	0	0.00484400272406441	0.00084530853761623	1
OTU_868	28	0	0	0.0450699267363201	0.000909918107370337	1
OTU_862	2	0	0	0.0225436538997362	0.000886524822695036	1
OTU_86	80	625.563792423543	29672	0.143819166467272	0.00112739571589628	0.632911392405063
OTU_854	40	0.642497193382173	55	0.0562107973870911	0.000931966449207828	0.978205128205128
OTU_85	102	1669.80429559725	48026	0.458380997761664	0.00123152709359606	0.441661813240148
OTU_845	12	0	0	0.0209612692529424	0.00087719298245614	1
OTU_844	56	3.14149218942521	255	0.0729685203004581	0.000954198473282443	0.93961038961039
OTU_835	35	2.33609813476667	98	0.0586357711845267	0.000932835820895522	0.932773109243697
OTU_824	17	0.0217391304347826	1	0.0241887741935524	0.000864304235090752	0.992647058823529
OTU_823	13	0	0	0.147589911927078	0.00099009900990099	1
OTU_81	147	1807.94078921327	88189	0.814432221958318	0.00132275132275132	0.360264653806728
OTU_807	56	3.65849810197633	280	0.0713831687758894	0.000954198473282443	0.931818181818182
OTU_804	12	0	0	0.13562979915812	0.000899280575539568	1
OTU_799	5	0	0	0.0270279641109979	0.000971817298347911	1
OTU_79	58	1004.85644274074	32982	0.138862725207792	0.00108813928182807	0.646098003629764
OTU_785	8	0	0	0.0932611602663599	0.000903342366757001	1
OTU_784	4	0	0	0.0318077593431816	0.000927643784786642	1
OTU_780	66	14.6777535630166	858	0.0797296771199063	0.000963391136801541	0.841025641025641
OTU_78	9	16.7939543979372	1075	0.0338150307825572	0.00101112234580384	0.638888888888889
OTU_777	5	0	0	0.0467857900405696	0.000949667616334283	1
OTU_776	7	0	0	0.061965537835405	0.00100200400801603	1
OTU_773	2	0	0	0.0194706007183812	0.000907441016333938	1
OTU_769	1	0	0	0.0118317324202163	0.000898472596585804	0
OTU_767	7	0	0	0.0498497793995889	0.000937207122774133	1
OTU_763	62	11.6967234659771	561	0.0764853108477486	0.000959692898272553	0.872554204124802
OTU_76	129	1160.73911905943	68852	0.798046684453378	0.00133511348464619	0.409399224806202
OTU_752	12	2.56829201324619	55	0.0156150029148444	0.000873362445414847	0.893939393939394
OTU_75	84	888.737945989591	29755	0.126803663842496	0.00120772946859903	0.588353413654618
OTU_748	64	13.2033927478095	776	0.0781582885821444	0.000961538461538461	0.853670634920635
OTU_745	5	0	0	0.056889902583842	0.000982318271119843	1
OTU_74	77	327.659084997865	16560	0.105664981649984	0.00112233445566779	0.678400546821599
OTU_739	3	0	0	0.0351957435395396	0.000869565217391304	1
OTU_735	4	0	0	0.0348108574227428	0.000912408759124088	1
OTU_731	63	8.28373511358375	559	0.0782691730843415	0.000960614793467819	0.883256528417819
OTU_73	149	1203.82591828888	67057	0.97041889366945	0.00129533678756477	0.399328859060403
OTU_722	38	0.0894613475503263	4	0.392431536065356	0.000974658869395711	0.994310099573257
OTU_717	4	1.33703880468217	104	0.0272091835808677	0.00102564102564103	0.833333333333333
OTU_707	1	0	0	0.00380408005020212	0.000816993464052287	0
OTU_705	8	0	0	0.0917802643164689	0.000888888888888889	1
OTU_703	43	13.3653765827581	545	0.056509264047498	0.000938086303939962	0.799557032115172
OTU_701	13	0	0	0.0188582728332506	0.000874125874125874	1
OTU_70	81	1288.65439952118	39998	0.133568426340048	0.00112739571589628	0.422839506172839
OTU_697	31	13.2491033522406	852	0.0641805040416922	0.00099403578528827	0.883870967741936
OTU_696	30	0	0	0.15604352863615	0.000979431929480901	1
OTU_692	26	0.10927567495143	7	0.0525506494341122	0.000925069380203515	0.990769230769231
OTU_691	2	0	0	0.0184774202438243	0.000908265213442325	1
OTU_69	20	1.02120563460433	55	0.0216142680047512	0.000864304235090752	0.952631578947368
OTU_684	3	0	0	0.0134826158717431	0.000851063829787234	1
OTU_682	18	0	0	0.197379094185329	0.000911577028258888	1
OTU_68	81	4051.1356628873	110186	0.3158634528442	0.00125786163522013	0.234876543209877
OTU_674	34	3.46079412557381	221	0.0640046471646398	0.000942507068803016	0.914438502673797
OTU_67	105	2559.72814236049	87525	0.191781274991872	0.00123609394313968	0.42014652014652
OTU_666	41	25.3131538373655	2563	0.0737544204819052	0.00103092783505155	0.946341463414634
OTU_66	147	1384.637117569	67370	0.962422146977924	0.00128700128700129	0.403783431180691
OTU_658	5	0	0	0.0572075521030707	0.000871080139372822	1
OTU_656	5	0	0	0.0473258853527595	0.000938086303939962	1
OTU_655	9	0	0	0.0129006297075248	0.000862812769628991	1
OTU_652	10	0	0	0.0561578274428159	0.000935453695042095	1
OTU_65	108	1767.24576506205	37461	0.385797917308867	0.00126422250316056	0.404465212876428
OTU_647	50	107.581049382393	7103	0.102646486345537	0.00108813928182807	0.717551020408163
OTU_646	7	0	0	0.0779745016500021	0.000980392156862745	1
OTU_644	30	0	0	0.167681600501098	0.000999000999000999	1
OTU_643	7	0	0	0.0392342191531255	0.00089126559714795	1
OTU_642	15	2.15776101878364	99	0.0241272109301339	0.000912408759124088	0.961904761904762
OTU_64	57	305.63600556783	19857	0.3631679075872	0.00121506682867558	0.56077694235589
OTU_637	8	1.39283093176113	113	0.0624677795636925	0.000975609756097561	0.785714285714286
OTU_626	3	0	0	0.0211944833767874	0.000874125874125874	1
OTU_625	9	0	0	0.101356408107377	0.000905797101449275	1
OTU_622	32	2.47460312962672	139	0.0474464807620359	0.000923361034164358	0.959677419354839
OTU_620	2	0	0	0.0232896141628144	0.000863557858376511	1
OTU_619	20	3.35094860428185	386	0.150650149222195	0.00112233445566779	0.931578947368421
OTU_615	14	0	0	0.15586687675415	0.000910746812386157	1
OTU_613	1	0	0	0.00380408005020212	0.000816993464052287	0
OTU_61	62	384.773576639997	20522	0.0851793391847596	0.00105596620908131	0.528820729772607
OTU_6079	56	4.64357187517451	344	0.0726814456901772	0.000954198473282443	0.920779220779221
OTU_604	38	0.0528009360830774	3	0.197759747544741	0.00100200400801603	0.997155049786629
OTU_603	39	11.3880757420105	494	0.0701346017966533	0.000961538461538461	0.874493927125506
OTU_6009	60	7.98137506167103	484	0.0748688592922538	0.000957854406130268	0.88361581920904
OTU_600	22	0	0	0.238108801764538	0.000959692898272553	1
OTU_6	73	155.702661939063	9305	0.099761946266232	0.00107874865156419	0.729832572298326
OTU_599	49	1.67447821362037	287	0.475930292447322	0.00101626016260163	0.969387755102041
OTU_596	24	0	0	0.25834730555799	0.00101729399796541	1
OTU_592	20	0	0	0.224198555083578	0.00101317122593718	1
OTU_591	25	0.063508064516129	2	0.0393950299228921	0.000919963201471941	0.993333333333333
OTU_5839	60	4.89496381702437	291	0.0754852040308447	0.000953288846520496	0.912994350282486
OTU_58	130	532.719928256247	35506	0.9093652570575	0.0012453300124533	0.480858676207513
OTU_577	19	0	0	0.106652196030452	0.000963391136801541	1
OTU_575	30	0	0	0.320790306624976	0.000961538461538461	1
OTU_5719	54	2.74162904522362	227	0.0713900709378488	0.000952380952380952	0.947589098532495
OTU_571	4	0	0	0.036977051455562	0.000943396226415094	1
OTU_570	27	0	0	0.283256261388526	0.000921658986175115	1
OTU_57	71	608.883157277027	16128	0.100806017476669	0.00108225108225108	0.464788732394366
OTU_569	53	127.66705768547	7259	0.103372514202145	0.00108932461873638	0.67489114658926
OTU_563	13	0	0	0.0796092318018605	0.000962463907603465	1
OTU_56	140	3377.66090107411	88957	0.900482970811556	0.0013262599469496	0.404933196300103
OTU_559	21	0	0	0.124982080834395	0.000975609756097561	1
OTU_554	58	3.16020572875292	450	0.548335329131974	0.00102564102564103	0.945553539019964
OTU_5508	20	0	0	0.0306249246399089	0.000867302688638335	1
OTU_55	184	6103.74862638185	245513	0.887656337504321	0.00144092219020173	0.268115942028986
OTU_5499	42	1.23240848715713	92	0.0594212817236007	0.000933706816059757	0.962833914053426
OTU_545	28	0	0	0.151538200129889	0.000977517106549365	1
OTU_543	35	1.06249810970348	39	0.061557449310714	0.000933706816059757	0.951260504201681
OTU_5418	34	0.152857531287047	10	0.0471529019799167	0.000906618313689937	0.991087344028521
OTU_5399	58	13.6933278400525	1000	0.0746265473580525	0.000971817298347911	0.911070780399274
OTU_5378	63	69.1414324773036	6142	0.0947133336207684	0.00106723585912487	0.853558627752176
OTU_533	22	0	0	0.239322395321595	0.000954198473282443	1
OTU_532	18	0	0	0.0985396666450601	0.000928505106778087	1
OTU_530	24	0	0	0.261974222622031	0.000961538461538461	1
OTU_53	66	390.74181040981	10672	0.0902648694938144	0.00105374077976818	0.492307692307692
OTU_528	33	0.0232558139534884	1	0.169918639623389	0.000982318271119843	0.998106060606061
OTU_527	21	0	0	0.228937914961712	0.000953288846520496	1
OTU_524	52	194.003148079748	12862	0.164621922183138	0.00115740740740741	0.615384615384615
OTU_522	19	0	0	0.209023173219027	0.000928505106778087	1
OTU_520	57	14.1547275081212	1184	0.561013904339745	0.00113507377979569	0.902882205513785
OTU_514	39	7.34758224851606	288	0.0639896837367444	0.000937207122774133	0.854251012145749
OTU_513	1	0	0	0.00586544377701275	0.000786163522012579	0
OTU_510	46	1.80301736449438	163	0.244505877969862	0.00103305785123967	0.957487922705314
OTU_51	74	1185.41136604952	45600	0.546083540867875	0.00104602510460251	0.608663457978527
OTU_5098	61	19.4780623094821	1243	0.0772033837247623	0.000979431929480901	0.881420765027322
OTU_507	50	3.72924870680545	214	0.234949164116584	0.00103305785123967	0.924081632653061
OTU_506	4	0	0	0.0361695185921192	0.000931966449207828	1
OTU_505	5	0	0	0.0458909850500945	0.000945179584120983	1
OTU_5028	6	0	0	0.0125419358623058	0.000871839581517001	1
OTU_502	35	0.3507543489546	38	0.185427243771653	0.00101729399796541	0.989915966386555
OTU_50	143	1055.40360914184	60025	0.947817568686107	0.00131752305665349	0.421353294592731
OTU_498	7	0	0	0.0545048936799666	0.000933706816059757	1
OTU_496	19	0	0	0.206719024680284	0.000928505106778087	1
OTU_495	29	73.2871069358528	4307	0.144901327531365	0.00115074798619102	0.706896551724138
OTU_492	39	24.4912907860402	1348	0.060368514937384	0.000982318271119843	0.840755735492578
OTU_490	31	0.228563565908581	16	0.162628285843068	0.00099304865938431	0.993548387096774
OTU_49	61	329.340827386177	8612	0.0762408967359313	0.00103626943005181	0.525136612021858
OTU_488	61	5.02603966875676	647	0.567034213354966	0.00104384133611691	0.926229508196721
OTU_487	29	0.0941643502153347	20	0.299856169319954	0.000944287063267233	0.995073891625616
OTU_482	58	11.4297092145817	886	0.285942148997078	0.00106269925611052	0.866303690260133
OTU_481	1	0	0	0.00833744613998259	0.000869565217391304	0
OTU_478	1	0	0	0.00464633102509674	0.000819672131147541	0
OTU_476	7	0	0	0.0807298784794303	0.000887311446317657	1
OTU_474	12	0	0	0.134248345706102	0.000907441016333938	1
OTU_473	25	0.0185185185185185	1	0.260344980010063	0.000919963201471941	0.996666666666667
OTU_472	23	0	0	0.124032269561154	0.000967117988394584	1
OTU_471	51	5.09920257820085	353	0.237917244555821	0.00104058272632674	0.922352941176471
OTU_470	38	0.0408163265306122	2	0.389512088713613	0.000968992248062016	0.997155049786629
OTU_469	40	0.760729755348743	35	0.209679222351646	0.00101214574898785	0.969230769230769
OTU_466	13	0.0840963258386126	5	0.104986242486209	0.00102354145342886	0.987179487179487
OTU_463	39	0.371074777232248	64	0.393693690036119	0.00098135426889107	0.989203778677463
OTU_462	43	0.433404757892325	35	0.232693585545857	0.00102880658436214	0.983388704318937
OTU_460	35	0.0169491525423729	1	0.363019013891719	0.00102564102564103	0.998319327731092
OTU_46	153	3047.85025691231	133575	0.740148947034743	0.00135685210312076	0.306415548675611
OTU_4598	73	167.713851618072	10303	0.0995040216228717	0.00111358574610245	0.714992389649924
OTU_455	65	11.2369377941713	1338	0.608157560265951	0.00107296137339056	0.903846153846154
OTU_454	41	0.0882061081787706	5	0.415552343409208	0.000965250965250965	0.99390243902439
OTU_4518	9	0	0	0.0167059076223243	0.000849617672047579	1
OTU_450	13	0	0	0.143673354286166	0.000909918107370337	1
OTU_448	50	53.1694951703028	1824	0.0722280472522713	0.000978473581213307	0.684897959183673
OTU_447	48	2.67784897330853	228	0.257126116071735	0.00104275286757039	0.943262411347518
OTU_4458	51	9.71780880653796	282	0.0680585696366141	0.000949667616334283	0.930980392156863
OTU_441	9	0	0	0.0108424999603449	0.000838222967309304	1
OTU_44	52	125.209957660304	7057	0.0941035570380741	0.00109529025191676	0.690045248868778
OTU_438	33	4.79677489114653	265	0.05297879994525	0.000930232558139535	0.912878787878788
OTU_436	1	0	0	0.0119061293767253	0.000860585197934595	0
OTU_4358	12	0	0	0.0188840914750234	0.000877963125548727	1
OTU_433	48	1.73771999134427	178	0.472220579517936	0.00099601593625498	0.965425531914894
OTU_432	17	0.032258064516129	1	0.0350428652886816	0.000910746812386157	0.992647058823529
OTU_4318	57	56.4307020306231	5455	0.0941242771147747	0.0010482180293501	0.865914786967419
OTU_431	49	3.58467331085309	333	0.249525981050141	0.00104275286757039	0.948979591836735
OTU_430	38	0.0997700951518988	7	0.403132249005562	0.0010515247108307	0.992887624466572
OTU_43	53	34.4741433500848	2394	0.0723303370470823	0.00100200400801603	0.883164005805515
OTU_429	14	0	0	0.100416201734131	0.000973709834469328	1
OTU_428	9	0	0	0.10159005822421	0.000904977375565611	1
OTU_426	73	19.8492408057553	2700	0.66762017581914	0.00112233445566779	0.867199391171994
OTU_4248	73	316.983456444276	22783	0.135341889163363	0.00116144018583043	0.724505327245053
OTU_422	37	27.8945299062967	1370	0.0576576264276937	0.001001001001001	0.816816816816817
OTU_421	25	0	0	0.266177074795459	0.000933706816059757	1
OTU_420	41	0.237256574481689	29	0.421504866879154	0.00101317122593718	0.991463414634146
OTU_419	52	47.6470676073994	3753	0.440213363090143	0.00117370892018779	0.751131221719457
OTU_415	65	392.807985273813	19051	0.134861775194154	0.00114942528735632	0.546153846153846
OTU_414	32	9.40658182240011	422	0.153627751191186	0.001	0.953629032258065
OTU_413	59	275.071512590258	7815	0.08795509413849	0.00106269925611052	0.577440093512566
OTU_412	38	0.204684849994784	15	0.38644239675492	0.00099304865938431	0.988620199146515
OTU_41	85	1424.93894560272	55658	0.26962499472429	0.00127064803049555	0.408403361344538
OTU_409	20	0	0	0.213709409652033	0.001001001001001	1
OTU_406	5	0	0	0.0461492806442742	0.000937207122774133	1
OTU_405	23	5.22845762469478	180	0.0311759397576415	0.000916590284142988	0.909090909090909
OTU_404	72	51.0930377495753	3309	0.322515807910717	0.00109170305676856	0.709702660406886
OTU_4018	60	6.38969164382303	464	0.0760817347858352	0.000957854406130268	0.903389830508475
OTU_40	154	4451.60228659171	189367	0.692281574236989	0.0013869625520111	0.293608352431882
OTU_4	12	0	0	0.133719812844153	0.000907441016333938	1
OTU_3998	73	173.104578600998	13892	0.11629320392043	0.00113122171945701	0.736681887366819
OTU_396	9	0.950986097445465	51	0.012933762461966	0.000870322019147084	0.944444444444444
OTU_3938	69	82.5317981395052	5763	0.0933154928424832	0.00106609808102345	0.780477408354646
OTU_3918	51	14.5548629381148	1614	0.0748754760380076	0.00101010101010101	0.932549019607843
OTU_39	74	545.57340899223	32088	0.169691862774131	0.00112612612612613	0.666049611255091
OTU_389	39	0.510260580659063	16	0.193272283663004	0.001001001001001	0.978407557354926
OTU_384	1	0	0	0.0118317324202163	0.000898472596585804	0
OTU_3818	60	23.2209941718627	2335	0.0835335110613422	0.00102040816326531	0.892090395480226
OTU_381	33	0.0232558139534884	1	0.16699725206596	0.000982318271119843	0.998106060606061
OTU_3808	2	0	0	0.00278224383088138	0.000796812749003984	1
OTU_380	4	0.502593837455741	10	0.00737178194865073	0.000901713255184851	0.833333333333333
OTU_38	160	2769.13859011351	103439	0.988599368391942	0.00136425648021828	0.356525157232704
OTU_379	44	0.986852190914258	77	0.226533140119161	0.00102774922918808	0.969344608879493
OTU_378	27	0	0	0.285853846793502	0.000935453695042095	1
OTU_377	73	18.3663551924982	2091	0.654651410679018	0.00109529025191676	0.859969558599696
OTU_374	52	6.29666241331358	365	0.249506682487626	0.00103734439834025	0.899698340874811
OTU_3718	64	64.5787833702843	4990	0.0887560719144988	0.00108932461873638	0.827876984126984
OTU_369	88	107.885526459797	9058	0.73821753820426	0.00116959064327485	0.738505747126437
OTU_366	65	38.4996462677337	2841	0.29990208051836	0.00111234705228031	0.790865384615385
OTU_365	47	2.48575783327396	138	0.225813783751239	0.00101010101010101	0.941720629047179
OTU_364	38	110.260404973546	6394	0.131845119616168	0.00114155251141553	0.671408250355619
OTU_363	53	4.41330519916077	663	0.527736325385011	0.00107066381156317	0.958635703918723
OTU_362	12	5.75382983530337	432	0.0388480528967894	0.00102354145342886	0.878787878787879
OTU_36	74	1099.23156292076	23407	0.0986315570978015	0.00112866817155756	0.423176601258793
OTU_3599	14	0	0	0.0206185228458806	0.000848176420695505	1
OTU_3598	47	0.64838789616821	52	0.0636359115190583	0.000927643784786642	0.982423681776133
OTU_359	17	0.192156862745098	4	0.135192815434384	0.00103305785123967	0.977941176470588
OTU_357	64	35.0572011868825	2858	0.316879477291459	0.00111607142857143	0.794146825396825
OTU_354	55	2.30742085192258	283	0.526362246679292	0.00101522842639594	0.950841750841751
OTU_353	48	0.893027163573034	117	0.466933553074823	0.00099009900990099	0.975177304964539
OTU_352	71	233.109534191904	15746	0.425451667275391	0.00123152709359606	0.552112676056338
OTU_350	53	4.03955342977221	580	0.510818764517488	0.00104058272632674	0.954281567489115
OTU_347	5	0	0	0.00603596689597198	0.000826446280991736	1
OTU_346	58	5.02827794877954	682	0.557550466112791	0.00106157112526539	0.94615849969752
OTU_345	42	0.566712794619849	138	0.421651513401429	0.000998003992015968	0.984901277584204
OTU_344	10	0	0	0.0767123860773377	0.00103842159916926	1
OTU_343	80	31.9058243332325	3396	0.69534134439106	0.00112612612612613	0.816455696202532
OTU_342	10	0	0	0.0666548608761575	0.000949667616334283	1
OTU_341	51	14.0075413782726	769	0.489868805871898	0.00103950103950104	0.934901960784314
OTU_339	60	7.82096674706817	1210	0.573119851872582	0.00107991360691145	0.932768361581921
OTU_3388	6	0	0	0.0103157404110662	0.000859106529209622	1
OTU_336	63	52.8236909778671	3184	0.281910664769102	0.00111111111111111	0.78494623655914
OTU_335	70	21.0712400563318	2316	0.641839209106159	0.00109051254089422	0.863768115942029
OTU_334	11	0	0	0.12238788379836	0.000906618313689937	1
OTU_3328	79	404.063595314579	26707	0.14090684029749	0.00115074798619102	0.660175267770205
OTU_332	23	0	0	0.247334767359339	0.000931966449207828	1
OTU_330	63	6.85100963792301	867	0.585853833098384	0.00104712041884817	0.923707117255504
OTU_3288	1	0	0	0.00175576850515041	0.000809061488673139	0
OTU_328	76	30.2276929129711	2837	0.666478521293584	0.00112233445566779	0.823157894736842
OTU_323	2	0	0	0.0035822737980918	0.000808407437348424	1
OTU_322	53	2.74971499534029	257	0.509961438048106	0.00104384133611691	0.948476052249637
OTU_321	23	0	0	0.122489710971454	0.000953288846520496	1
OTU_32	156	2793.98628859179	98994	0.971379941252282	0.00136054421768707	0.364681555004136
OTU_319	44	0.248739660274168	12	0.438537656652643	0.000980392156862745	0.987315010570824
OTU_317	44	181.891345440422	10228	0.144254629217489	0.00115207373271889	0.636363636363636
OTU_316	69	70.4834901478971	5849	0.322360864187056	0.00112994350282486	0.734867860187553
OTU_315	66	486.994150819022	20351	0.142220052640103	0.00115874855156431	0.522610722610723
OTU_314	36	0.637061728648452	22	0.198390146287098	0.00100300902708124	0.96984126984127
OTU_313	18	3.63481546476928	243	0.118192120398171	0.00103199174406605	0.915032679738562
OTU_312	74	25.0489684979966	3005	0.66671082332628	0.00113636363636364	0.855979266938171
OTU_3108	45	0.847155541143503	58	0.0587537081631065	0.000923361034164358	0.974747474747475
OTU_308	71	15.9026131704393	1962	0.646443978724841	0.00109170305676856	0.878068410462777
OTU_307	71	25.817134808	2299	0.661775409168419	0.00113765642775882	0.842253521126761
OTU_305	48	4.91324839177436	478	0.478605123294779	0.0011001100110011	0.940602836879433
OTU_304	80	138.730416086596	7541	0.351051174778408	0.00112994350282486	0.632594936708861
OTU_3028	43	0.13118337269814	16	0.0611118491103086	0.000933706816059757	0.996677740863787
OTU_301	35	6.74350300395158	812	0.222644400372562	0.00109529025191676	0.932773109243697
OTU_30	90	920.992248042479	34070	0.137490900073116	0.00115473441108545	0.523096129837703
OTU_2999	60	31.9432186552269	2864	0.0825397535794614	0.00102040816326531	0.863276836158192
OTU_299	38	25.6283255840721	2240	0.319244983772746	0.00115207373271889	0.793741109530583
OTU_298	8	0	0	0.0895467055277561	0.000876424189307625	1
OTU_296	48	2.63575322735986	217	0.242771749223626	0.00104166666666667	0.947695035460993
OTU_295	76	101.816012530176	6180	0.320925998816791	0.00113250283125708	0.666315789473684
OTU_2918	78	567.31170943289	16389	0.10421385720835	0.00113122171945701	0.652347652347652
OTU_2908	66	163.16324865307	7374	0.0943036340640036	0.00111607142857143	0.824242424242424
OTU_290	31	0	0	0.176908132858855	0.00101112234580384	1
OTU_2899	53	28.6884646348273	2591	0.0790689544209658	0.0010515247108307	0.936139332365747
OTU_2868	6	0	0	0.0093998723230264	0.000833333333333333	1
OTU_285	101	125.251607151211	12970	0.824271905776626	0.00118203309692671	0.680990099009901
OTU_284	88	62.6988248300619	7658	0.754794944318367	0.00115874855156431	0.768547544409613
OTU_281	11	1.1327586726963	57	0.0159948345082651	0.000885739592559787	0.945454545454545
OTU_2788	67	158.226703117288	12094	0.110078200590096	0.00108342361863489	0.770691994572592
OTU_275	27	6.00865037560336	441	0.192238881097067	0.00110253583241455	0.86039886039886
OTU_274	5	0	0	0.031277224645382	0.000949667616334283	1
OTU_273	21	0	0	0.226721580550705	0.000946969696969697	1
OTU_272	70	35.7823398044924	2449	0.626269068437478	0.00110741971207087	0.859627329192547
OTU_271	1	0	0	0.00162875311507191	0.000791139240506329	0
OTU_270	96	95.5946278009197	9499	0.78684562789672	0.00114285714285714	0.699122807017544
OTU_27	2	0	0	0.0026292755743328	0.000792393026941363	1
OTU_268	61	9.32342647751572	930	0.551226325872459	0.00102986611740474	0.898360655737705
OTU_267	80	77.9587154189921	4452	0.343771283315673	0.00110132158590308	0.640506329113924
OTU_266	82	179.639848737524	8548	0.330025654910305	0.00115207373271889	0.604938271604938
OTU_263	78	102.262988770566	6179	0.334101804204531	0.00113507377979569	0.657342657342657
OTU_262	101	143.318126617486	12829	0.815959168148529	0.00119189511323004	0.671683168316832
OTU_261	112	269.763675766153	22688	0.853006645363929	0.00120627261761158	0.586068211068211
OTU_259	108	224.499722024549	17898	0.833169122369143	0.00120048019207683	0.608688127379716
OTU_258	63	480.133153517163	22980	0.0886243604167444	0.00106382978723404	0.532514080901178
OTU_257	18	9.024326633183	468	0.0954604683466317	0.00107991360691145	0.823529411764706
OTU_256	110	225.016292981653	20477	0.853320058246175	0.00119760479041916	0.607506255212677
OTU_255	88	199.774195963512	13114	0.71947589343997	0.00121212121212121	0.631138975966562
OTU_254	85	380.665500873244	22337	0.551810128805768	0.00115074798619102	0.536694677871148
OTU_253	75	121.994976517331	6764	0.319738170489945	0.00113507377979569	0.658378378378378
OTU_252	83	37.6811485471343	4041	0.713775881519605	0.00112612612612613	0.796943873053188
OTU_250	67	17.7806918092026	2211	0.615675146223004	0.00108932461873638	0.878335594753505
OTU_249	42	321.348186155827	11492	0.084116326516915	0.00106382978723404	0.759581881533101
OTU_247	24	8.25336361547738	469	0.0354480692432782	0.000927643784786642	0.844202898550725
OTU_246	54	18.0051717000249	1207	0.248365610277976	0.00105263157894737	0.864430468204053
OTU_244	57	3.81202181935042	567	0.544455621466344	0.00103092783505155	0.934210526315789
OTU_243	113	236.146844535652	22264	0.868749057066566	0.00120336943441637	0.59197218710493
OTU_240	36	0.411679561767232	33	0.205916502308595	0.00102880658436214	0.985714285714286
OTU_24	50	72.1955767089344	3130	0.0743635699330586	0.00102249488752556	0.68734693877551
OTU_239	89	60.9826082665078	7233	0.759808259544601	0.00116009280742459	0.768386108273749
OTU_237	91	327.767404815448	17195	0.393029470090411	0.00116822429906542	0.528937728937729
OTU_236	1	0	0	0.0118317324202163	0.000898472596585804	0
OTU_235	83	167.266258455929	8616	0.329958720731258	0.0011441647597254	0.595650896267999
OTU_233	62	350.518303381563	23058	0.199466112804203	0.00120627261761158	0.569011105235325
OTU_231	114	420.863401830271	26025	0.872074183507672	0.00127226463104326	0.570718832479429
OTU_230	89	202.581027091333	12512	0.724495135846977	0.00123304562268804	0.622574055158325
OTU_23	63	382.11680775	10239	0.0830761904217883	0.00103092783505155	0.498719918074757
OTU_228	5	0.272636897001304	5	0.00700459007331803	0.000853242320819113	0.9
OTU_227	36	14.6193000772672	691	0.0525212789893245	0.000956937799043062	0.86031746031746
OTU_224	114	2448.17754376652	96696	0.645284960585953	0.0012853470437018	0.419344822232573
OTU_223	99	115.054758696532	12324	0.815304490832329	0.00117508813160987	0.697588126159555
OTU_221	110	174.824017596981	16344	0.850416476069348	0.00119047619047619	0.606839032527106
OTU_220	26	29.1589779993572	1423	0.254430201383838	0.00108225108225108	0.861538461538462
OTU_219	86	192.592598583331	8353	0.353440132044194	0.00116144018583043	0.576196990424077
OTU_218	106	193.445589984742	16689	0.831834122420479	0.00120336943441637	0.630727762803235
OTU_217	34	10.7483682718349	644	0.149402499009529	0.00101317122593718	0.932263814616756
OTU_2162	5	0	0	0.00871876656947863	0.000832639467110741	1
OTU_216	113	238.841792527867	21768	0.882976384227947	0.00121654501216545	0.601453855878635
OTU_215	70	647.592324664274	40012	0.352722764520699	0.00122100122100122	0.515527950310559
OTU_213	6	1.43417301805603	44	0.00756533471709108	0.000874125874125874	0.866666666666667
OTU_211	116	362.054048759474	24485	0.862565643336306	0.00124688279301746	0.561019490254873
OTU_206	4	0	0	0.0351805569221424	0.000914913083257091	1
OTU_205	92	723.874682082491	20643	0.391291059022354	0.00121212121212121	0.528189202102246
OTU_204	81	161.716326411963	9698	0.353661328553228	0.00118764845605701	0.629012345679012
OTU_203	70	148.896163353586	10377	0.104532237594154	0.00110253583241455	0.758178053830228
OTU_202	116	294.453679307445	21930	0.865043216227438	0.00121506682867558	0.562368815592204
OTU_201	43	97.4845110509205	6914	0.124074489045082	0.00109170305676856	0.706533776301218
OTU_20	196	7370.0668888064	213748	0.982421980099923	0.00146198830409357	0.265410779696494
OTU_196	57	8.86504134716743	1145	0.555217291508771	0.00111358574610245	0.93609022556391
OTU_193	38	430.042348236593	13728	0.148737140040338	0.00108813928182807	0.660028449502134
OTU_192	75	259.285311922722	15880	0.113607306781833	0.00113378684807256	0.700900900900901
OTU_191	85	695.587240368721	30369	0.131129497912183	0.00116686114352392	0.573949579831933
OTU_1904	3	0	0	0.00689903271940513	0.000846740050804403	1
OTU_189	27	0.277855573551937	37	0.273827885808978	0.00093984962406015	0.988603988603989
OTU_186	104	149.012882947482	14028	0.82418843602088	0.00118063754427391	0.647871545929798
OTU_185	84	155.030968818476	6938	0.345841317546432	0.00112233445566779	0.592656339644291
OTU_182	95	455.946153129922	21755	0.384137320025013	0.00120627261761158	0.497200447928331
OTU_181	126	410.625994541304	32702	0.914542282515869	0.00123456790123457	0.515428571428571
OTU_180	30	218.37887441679	10953	0.109387005514784	0.00113765642775882	0.466666666666667
OTU_179	29	1.77642333395054	58	0.30083039399179	0.00105485232067511	0.938423645320197
OTU_178	17	0.536513400214125	32	0.022205466606784	0.00089126559714795	0.970588235294118
OTU_177	6	0	0	0.0692191763394104	0.000916590284142988	1
OTU_176	74	75.4702108729648	4978	0.329321250653575	0.00112233445566779	0.700481303221029
OTU_175	26	0.414353656590912	60	0.278099487758499	0.00106723585912487	0.987692307692308
OTU_174	76	76.3900412110753	4396	0.336291949134915	0.00112612612612613	0.675438596491228
OTU_173	83	191.706300313684	9490	0.356360273371477	0.00115074798619102	0.595650896267999
OTU_172	13	2.93485405626341	181	0.0794847345965551	0.00106157112526539	0.846153846153846
OTU_171	99	592.318616864447	41771	0.529395573809018	0.00125786163522013	0.484436198721913
OTU_17	21	6.6396656943973	304	0.0299149516823972	0.000907441016333938	0.866666666666667
OTU_1692	6	0	0	0.0103281922555745	0.000834724540901503	1
OTU_169	1	0	0	0.00891393359453258	0.000857632933104631	0
OTU_167	112	229.930871334403	20934	0.876359878926486	0.00121359223300971	0.604890604890605
OTU_166	101	192.544914188217	15935	0.824745088208588	0.00120336943441637	0.665940594059406
OTU_163	75	395.335638091609	16688	0.11115482151802	0.00116822429906542	0.691891891891892
OTU_162	67	18.1571838380284	1933	0.625357563209008	0.00108813928182807	0.886928991406603
OTU_160	25	1.26398986255543	55	0.0295392326622139	0.000873362445414847	0.936666666666667
OTU_159	62	8.14529304320531	526	0.0774237320557968	0.000959692898272553	0.884188260179799
OTU_158	59	24.0226575320776	1602	0.271003176909907	0.00106157112526539	0.835768556399766
OTU_157	33	0.154438609652413	5	0.164258611548291	0.000982318271119843	0.990530303030303
OTU_156	63	65.1008468197751	4020	0.0842603457973694	0.00104384133611691	0.820276497695853
OTU_1557	15	0	0	0.021336930194904	0.000880281690140845	1
OTU_154	41	124.772105704751	5001	0.0854165279696351	0.0010752688172043	0.684146341463415
OTU_1514	31	0.0922990063233966	4	0.0446588514985265	0.000912408759124088	0.991397849462366
OTU_1510	2	0	0	0.00209319305653105	0.000732600732600733	1
OTU_151	110	212.132359271555	18515	0.850192229434184	0.00119760479041916	0.605004170141785
OTU_148	20	156.781182554053	4821	0.0558149480481306	0.00105042016806723	0.468421052631579
OTU_147	100	1025.38878481076	44197	0.487024273785284	0.00118623962040332	0.478181818181818
OTU_145	73	753.114130149768	32654	0.545001394155283	0.00111607142857143	0.611111111111111
OTU_144	119	280.738253687329	21752	0.877037049204376	0.00120481927710843	0.545648767981769
OTU_143	88	879.931272104087	34769	0.133907664432697	0.00121359223300971	0.547805642633229
OTU_141	124	425.599437901458	30697	0.905787681946681	0.00123152709359606	0.52268554943614
OTU_140	74	117.254346979601	6702	0.304039989424663	0.00112994350282486	0.668271010736764
OTU_14	77	2864.8861953525	45390	0.135239946575263	0.00119760479041916	0.380724538619275
OTU_138	126	4093.10712487286	130541	0.341359101411955	0.00130718954248366	0.339301587301587
OTU_137	12	56.3486027221693	1697	0.0434266236915633	0.00106837606837607	0.560606060606061
OTU_136	97	2744.84707605755	90927	0.386259415954285	0.00127877237851662	0.372852233676976
OTU_135	45	70.6570851459504	5647	0.26931688893407	0.00115606936416185	0.664646464646465
OTU_134	48	31.8273319345535	1108	0.0649708416704744	0.000944287063267233	0.714539007092199
OTU_132	72	20.1509016090982	2062	0.631988057444156	0.00108932461873638	0.848982785602504
OTU_13	103	3211.81600828116	70518	0.154178130090293	0.00122249388753056	0.415762421473444
OTU_126	78	496.52043329422	29601	0.138861043262133	0.00114155251141553	0.65034965034965
OTU_125	37	1.51966874130585	113	0.383466408453389	0.00109529025191676	0.945945945945946
OTU_1246	2	0	0	0.00569038436847412	0.000851788756388416	1
OTU_123	65	41.6945637242939	1149	0.0773844810008118	0.000962463907603465	0.795192307692308
OTU_1223	5	0	0	0.0059437607089636	0.000825763831544178	1
OTU_122	134	1016.26482549007	49775	0.913636858470005	0.00131578947368421	0.446190102120974
OTU_119	61	722.752505663088	29097	0.191751835172553	0.00111982082866741	0.516939890710382
OTU_118	4	0	0	0.0064815844791438	0.000852514919011083	1
OTU_1175	1	0	0	0.00411113516281562	0.000837520938023451	0
OTU_115	144	1710.19411660338	56465	0.949969183387095	0.00130208333333333	0.43521756021756
OTU_113	158	2666.72675712897	98531	0.971413713126727	0.00138888888888889	0.363541078771265
OTU_112	93	1467.45601202717	59292	0.208043302794585	0.00122399020807834	0.50140252454418
OTU_1110	1	0	0	0.00185683384251247	0.000801924619085806	0
OTU_1109	34	10.8889766384819	461	0.0479291129968187	0.000931966449207828	0.959001782531194
OTU_110	74	883.152972876554	51509	0.43357316543657	0.00113507377979569	0.496482784154017
OTU_11	55	8.5492082604453	1191	0.53854016942884	0.00107758620689655	0.921885521885522
OTU_1095	5	0	0	0.011417532952827	0.000887311446317657	1
OTU_109	22	5.45662459834244	279	0.0407265457370331	0.000931098696461825	0.874458874458874
OTU_107	30	294.393805043849	10825	0.0789906442323542	0.000984251968503937	0.48735632183908
OTU_106	85	291.334971446488	15544	0.371657934248741	0.00118623962040332	0.58375350140056
OTU_1059	4	0	0	0.00858179142310478	0.000849617672047579	1
OTU_1053	47	1.44218020661756	107	0.0649142444823498	0.000946073793755913	0.963922294172063
OTU_103	151	1844.70495525409	80913	1	0.0013531799729364	0.404150110375276
OTU_102	150	1802.0072995248	70537	0.888730393969352	0.00125944584382872	0.383982102908277
OTU_1014	1	0	0	0.00250555539304323	0.000802568218298555	0
OTU_101	72	1156.16849707485	29466	0.117071490754399	0.00113250283125708	0.57433489827856
OTU_1006	15	0	0	0.0227253086662749	0.000848896434634975	1
OTU_1005	3	0	0	0.027941808571818	0.000916590284142988	1
OTU_10	1	0	0	0.00185683384251247	0.000801924619085806	0
